-0.329246637674067  0.0963922398692527  -0.341402182348269
-0.0709107231801766  -0.269765398546011  0.0468923775292769
0.228177883373174  0.522430028367521  -0.137358900636285
-0.154269590012146  -0.00419756297355981  -0.451657307592164
-0.086667135803006  0.164673286261969  0.480957259851288
0.307991748503567  -0.177532923350748  -0.507156148956993
-0.0506613564112769  0.165754885133073  -0.473073859870149
0.318634932857927  -0.0509202224528041  0.42645889613903
-0.109327045683968  -0.0510796264423292  0.436510017247993
0.0805451646316173  -0.266180840629539  0.467182965994092
-0.525000500951511  -0.16505691007202  0.44163989205297
-0.40600325709135  0.37353290497038  0.231447183333418
-0.539867262804024  -0.0486391304371839  0.114198112438786
0.219036870629021  -0.0396877773876868  -0.313748354225757
-0.243604851068351  0.46557384260812  -0.0545323722380473
-0.10414166272499  0.047084182175073  -0.420116038571318
-0.102713361772544  -0.225694643826195  -0.308787631620869
0.0457178889953395  0.183821835687422  0.37136999278291
-0.0518919031497187  -0.40175402232825  -0.498347604651841
0.084835867188131  -0.517712665854704  -0.0467407202534141